Lenna.jpeg
140356124
145976070
146917361
115760468
120222379
127439399
131235489
134607658
132100341
104462949
122973859
105879235
100605785
103936786
110575747
123998450
127700721
118976822
130142733
129719058
107992579
120155875
114401454
122413185
120911545
117332939
116743221
106691411
122193834
124625218
121684239
123260960
109132929
130777340
121294967
112240371
110465843
106716214
104412835
120227663
136131028
126710338
110960734
126740500
111880071
112775357
121798238
109606487
124954034
123361904
119964843
115644467
109386315
132878476
117398512
114693589
126389083
130218172
133800281
127114189
108855991
119012700
106694858
114555288
128714727
112252913
126634092
119131837
126908605
126854328
107566779
112962601
114926986
126765245
124320495
113227777
120161138
112641566
104445083
102252933
104258284
122717123
114299489
121768459
116589507
121274206
126360390
119755864
110373823
134023755
132103055
114801960
127045509
121830076
121194448
134345553
122489615
130226241
118156362
126080932
109227818
123923010
111531623
117147907
131829533
113780510
125635093
119031154
116383596
118925146
116207540
111472352
114710634
122490084
120173035
127379715
143188948
116054013
120216636
143089757
128196990
132989594
112583937
125703083
130094501
110299636
121054561
125345130
144176335
127230842
117457415
132959590
118771514
120235168
133207146
120965032
118657412
124976744
120930794
127688781
121312187
123815453
118204767
132374322
116177937
121347241
119491161
123209954
119133428
113928817
114262780
120691790
111183017
129796821
113338231
122634085
133159035
115418842
113214733
116113117
123210016
122457848
121822789
114949855
121052410
133023311
127473452
124253459
129982339
106957847
126179232
115081300
116787774
128649478
119547932
134903358
121234781
112521427
121164507
119110190
121721073
114439576
117048535
115016184
115631143
114805725
115286316
132333240
126718901
116905039
117408022
117565918
118394527
126098577
108174042
124027890
119930961
112848020
121099827
117989322
137429189
119440043
116959166
132439658
107850015
119226904
131226158
121227600
130985736
116322209
116775141
116876815
119263486
128462821
123305872
117214186
107586351
112996288
124581398
110384300
125506892
124454101
128874817
124432199
118477218
118537516
119109299
114384138
108783428
120543203
129476830
116599346
120244769
141567671
124876116
120808456
121279189
99322522
118474667
126072924
120168440
117224559
134091804
127827662
118320515
127033138
125541929
122337908
121403878
123231409
124288326
114009315
125220927
126580816
126959031
121234865
109013166
116715983
124163455
118082555
103331601
119411757
118871619
120054616
131534496
128164173
126800484
122459976
119579011
131273144
126729984
137906447
122486890
129212780
123200666
128314961
123493473
113772580
109132621
122988107
123005631
102837366
116289400
117692224
108367386
117935228
116017319
118172160
140942445
140152929
120046937
125318501
127376243
118401428
120583142
120277308
110556076
114142463
124131401
115623241
126052133
116489485
143664412
122108797
120534105
129736659
127417860
115745343
120185764
113427077
114344046
100550716
101133482
126462149
109625045
123528189
113158816
122468064
117078724
132787653
130089586
125806196
119291021
112100488
117752663
123564440
111592897
127817843
120053576
123051326
138484056
106726477
136739383
122383365
126346798
141392353
120095342
123371013
139631621
134273721
134450142
123204073
105477117
131574972
110665410
124677884
121209015
131124775
123917547
109728599
131482990
122996758
118730152
135225381
124954622
122625662
123062366
99915054
132117514
122984868
123962283
119419919
121296325
114701165
116754254
125496802
126255789
115003967
123187056
129273845
118970114
133403424
127075895
129064582
136184144
121390419
109842138
113357456
126868949
113713067
150551583
122820309
121115601
111620724
114488607
114832901
127091819
125602758
120093550
114370692
110011238
118192654
128950162
125956232
119241123
123073351
114010274
119346232
129365866
113044803
114032969
117729840
121183203
134237926
120908834
124315184
117879688
141817382
128581567
121569396
115626734
118126729
118888629
115293928
116105220
117174257
139187805
118398409
116320607
129537786
126896021
116365626
112564425
115965117
113741983
117039017
116211422
129723580
131329551
117513558
128227045
126602943
127564886
125263824
131342629
126114684
114725087
136019982
133392610
111373499
126953253
119171201
110786996
119067610
126726831
118699907
121384887
133321786
119390520
132441624
115742577
119922974
120569536
127060751
109772630
108916919
114384751
104147529
120348580
122952523
125425765
121661527
123734817
122966638
114320076
109235472
121943014
114588274
113931166
118917128
132966325
125923584
120983904
122541908
118488556
111289611
117022373
130808938
124196214
116714513
132238150
127167772
120793765
130256925
122723666
120003360
124800388
118853631
136819032
120611766
121961881
126371523
122217320
119575190
121074697
125077785
129920612
126734782
120700395
121054001
121266278
129289297
111467009
121208237
122269925
117379982
111242808
118327987
119724773
131495468
134964495
124261084
106159314
122864956
112564965
121867279
110692064
122184805
119538151
115767554
115809720
113324853
112777978
116270000
118535168
113103337
125726232
116609488
104301703
121958654
112016384
120493874
116170675
138110365
128094707
122420017
110738058
117315687
111514965
110842111
117198138
120416424
109712020
131565345
123053368
127410436
105365737
119030595
106831895
118652128
123121064
127874966
122821980
124306336
109434675
115075481
112036921
117696229
116097119
111451455
117604250
124391075
112685319
114342576
124922677
123588546
115044180
109630453
128922506
116067002
109075471
122217444
121305199
129658405
124030947
112157807
123388823
124254987
121131590
123555786
116196472
119162452
112748495
114109192
135693879
130261391
110828978
118630865
127040377
112043222
116440622
117652581
126270329
158796412
122315814
100938321
128971898
121605265
106853463
114700567
121131992
114014400
122592737
124660506
117321620
124716690
120902404
120230802
143504814
159260994
122340292
134565090
118395943
110292497
119294990
117760913
125620509
119415339
121873067
110370976
112054115
128732580
118897561
119569529
129413870
117660795
129053708
135256158
123897362
126494876
116880106
121455325
139722361
118332556
128967698
115676192
115803271
116128929
121926283
112689190
123832051
111010658
122195778
119088956
104260197
99706270
110849480
125893806
111258481
126226208
111209593
117948576
121132873
110000080
112842991
120173036
124301923
111777648
121118958
117615280
120118541
117143917
111875292
121422758
117606705
114069623
123747511
114384930
117470398
122551645
113125632
110041768
117836617
124378385
113555766
121701681
135683087
127630336
126492364
117717647
121599730
126418809
105899234
124108294
132240608
117115028
135316967
124802564
117689137
126179944
114024912
118116716
128694292
120213426
115411302
133084530
131102185
136653038
122344357
119798085
125964576
114615827
123329871
119678512
144769327
123896062
120765201
126804101
122069494
137775127
128028786
115277271
121376679
110833997
115443828
124880069
108495631
124641026
118554385
109890942
121412439
111716737
119822059
114589365
112906370
127148687
119195091
115826547
141109524
111342679
127341091
140718951
117341858
119706734
122614207
119790598
119160783
113996693
111435992
120438010
126598741
110137028
126712572
113330361
113699322
106609266
115586756
122673148
117337476
110588235
99289084
110735821
108426043
122340103
125719599
112774863
120049923
125260729
121847520
125226756
120980558
130040633
128624193
121128333
127995820
123829203
135506021
126266244
125213953
133410732
118427654
121057202
121906804
124016435
122849398
121568439
121364058
125582995
135106228
112324457
125842190
118584417
113213435
131896286
146017008
115670806
112845229
117930370
120641267
117584119
119263334
148302702
136078250
126635055
136247746
125765737
133368294
124121259
126028376
124593429
113152462
124492895
116810775
124969116
121865257
115880918
109411119
112511312
122799251
121639791
122929421
112340373
128400840
117068631
133104676
117690134
134793933
119282594
122130948
112725956
117095968
111955325
99292222
106073803
130714894
123864477
108946257
128349584
126455167
125133492
121678020
115234029
118774267
119427707
101520969
123347131
122564763
124371056
110315932
114203287
104027425
113196323
115483654
104046319
121813075
120279842
109857960
101624082
128855597
123566361
119564411
109339541
113430460
109472226
123668598
119095966
121291117
122503448
106385818
120226544
114469457
116303526
112894922
112670132
108423403
119996684
123273974
124702007
120867920
118818840
105864902
123138405
131097266
104166050
111990922
129512676
121130878
124446404
132313790
116621083
130748178
115274829
121299025
128221907
131543219
119164004
123746961
124655194
123506550
125022736
127290735
125781551
121027753
118479992
120295653
104145475
102892824
121399134
127442128
120198305
138320457
136427799
125734986
129880339
121715237
103451851
126517286
112104635
118146701
114526384
113263600
136565121
99290399
112120877
121552039
130333745
116184789
137907191
118760453
117013774
116434370
123969652
104139480
122135068
118995287
112507080
140274541
119505000
115775306
119515169
114317880
120636570
111269164
118430848
122487531
122633400
125020073
121010558
130561997
117958054
126860664
122059091
127451382
123062270
128730738
109343893
115468076
109861597
124602349
115756680
115582184
127532161
128309410
124183607
121723474
120765484
138846793
115526807
121504921
121339824
117845314
115725103
135797101
119881118
123653784
125948580
123985192
138312167
125695402
114994462
111574091
120730021
118561117
107295372
128832024
120535627
119204674
118743639
139958391
140422196
143934071
128878021
118458856
112319703
122982969
129847502
125099078
114366142
116564355
108662082
109592866
114852775
128960223
123434358
121763324
156026236
127077141
116241638
119180721
112349075
Closing Connection
