Lenna.jpeg
153122098
108122158
100428546
121251371
128854620
122222499
118418767
110162177
125053972
113274936
114888223
116736090
117634236
126228903
121982675
139517459
112939771
119562096
138186439
122076785
134700833
124718249
121121009
126911578
118614668
105726717
109721701
107634269
120971034
134495389
117135432
135619847
118610476
126710176
127277712
104866893
127740489
125479222
124914389
115706526
139011079
123934074
136152398
116426490
112293066
122521037
115348054
133914770
149583531
121192673
118255922
122461294
118492043
130564115
135832713
134349162
111140249
114293171
125611254
104464999
124468805
135434486
118789424
113858644
127482849
117262412
109609892
115866429
112871644
133155807
124098720
133389981
124620263
128690463
116207356
116388983
108454079
118908480
118129561
111006818
116902111
110708223
137169151
126743054
124323417
124427715
123172095
132690961
160032239
126955032
111315571
126223730
119141782
133938970
119399212
121659255
122444585
122565875
119364838
116327230
Closing Connection
