Lenna.jpeg
623954188
544908993
570692055
554775347
612458697
655958719
716900173
591171905
557279264
582137185
603277295
566235735
570959092
578604232
640279985
717180711
639026251
591691581
561441817
589277755
571746687
575200989
770662043
672363822
716321453
787349308
693589375
584308645
601578243
1263486104
1528394103
632273895
646198983
733262960
607027538
922469791
1455706851
937225437
649337592
606947935
581510090
600319132
948692201
1349144892
767693391
580235167
573239279
556937648
559995917
595442710
1195671338
1210241965
566557268
553448266
552395183
596883449
1266279536
1084616609
572435060
658105466
638478084
709703490
566698754
1135843278
1218256333
545872455
551794353
539853739
564000310
1133628437
1193956927
558998755
552330435
549587041
563077997
1154345669
1190196016
564019774
550653397
537960306
542379231
1183113280
1237871554
1083575939
552979369
541081553
543912187
572361624
1180400638
1119022542
551194054
537770002
548307057
543488477
1177178965
1170692582
604098573
