Lenna.jpeg
160907258
168130864
187471948
176316682
163566857
197213515
176128051
196165221
229805755
180723456
149641376
158703800
158646751
157247879
170227027
166617641
180427807
171794492
194675087
177975130
227821014
216814273
168011113
169251909
150401162
162214593
158771961
159458654
153373867
169872463
152761990
173347132
179102836
158598682
148144109
154022192
161777595
214753538
160515683
214747558
203397557
155399203
146811668
171495709
163727793
182578046
214732198
198778420
190121570
198073531
211819783
198216131
162781765
212676888
195231807
163560713
185708731
237702871
168100254
194528355
205457636
195971379
168547559
168307518
193214883
161466363
224464192
238420075
185873195
177551180
219622826
209196127
211526467
208363496
205304181
209450564
189551280
204636560
222528005
226309184
217317472
176931890
185589283
231321662
209061003
193862097
203723335
236150929
180286150
180561915
196444738
193328909
206933911
217669157
243332728
200547997
174196217
182377502
175217184
178652346
