158866454
188524351
185928257
183755356
251707352
170137922
185418358
209471021
184499896
208847521
186447015
216717081
175169578
217121354
179057564
232420277
204301997
179609549
186732346
210757193
208455506
217211600
245474962
147719762
170090666
222597487
221194163
167178121
167771024
187244187
177243601
236027463
205976956
273209282
225384750
215797364
199139017
156666968
186785335
180512944
190626363
202490018
204344652
187750568
203494979
195209261
173384866
197548205
207737023
178746077
190913123
147352083
152084499
167440025
199521874
172900188
191865864
194854185
214652261
206575773
216865001
191316221
264026669
197335621
191783728
159690630
202124368
220166486
180621989
202308326
237833165
192375063
173727855
173763506
197065770
176000108
192579153
232638057
160931139
197480437
199824462
240879153
188981981
219085590
227075986
239059458
206006174
162119053
196979230
167778678
230457477
259993098
214927943
152200454
166071962
183915485
208430735
180001643
197276232
163922636
209545902
273012260
217747621
178479036
195237374
208121796
216020269
176070470
173634840
172157274
174480587
185913532
192733081
215022369
178540002
246845604
195421282
163048412
190095022
207130795
228582497
177580655
193371754
177142532
217182229
189430715
201710387
185821579
237721868
200943018
158848152
192398298
168694126
171652387
194266755
184827993
173580156
194556091
196984071
206966077
236322695
208992185
202503628
239741501
195697310
205508078
185510596
168679203
206795774
252221537
180254409
192497454
191946772
232200851
205478179
197945453
203944112
199961458
180470909
184454236
154612718
160466370
203518241
190462790
183952769
218858858
216310653
176043392
173595792
205431346
174041630
212901226
209298842
205368118
184107513
238527945
192116387
178882183
235556456
195091424
182296188
224916500
177280247
224728270
221724093
218757045
220112120
202400286
220376514
167538202
207407508
159697528
220607864
212752183
186095316
196584347
216357107
240336632
166697972
207745148
187620819
204868385
180034281
161952876
192420325
231541828
220023993
186758580
170258461
200210689
198564799
178554713
208466996
184327413
187575231
189039262
192583809
206069067
173125334
171416556
201386356
207915515
169450476
212894980
223781890
176764666
175094913
190374406
157378189
167913930
200738850
221750431
234758325
167940697
206016368
217467969
170215748
205261140
151850137
204217530
198582947
188217064
182498899
156711328
163122662
180330873
194653859
215039729
199376796
176415350
177831074
203439244
180744698
182615586
197617607
179516204
174217720
160101835
191112796
231250645
218556306
200676982
246191149
202271685
188187600
222725664
213962626
189142894
215176757
215465697
248519531
168424020
205934052
225024630
185096125
160966188
165932964
207267087
200605969
176972536
185931283
197825195
165352656
173263987
191163059
214557805
180505451
210815561
224092319
241348554
168142090
178302744
163180832
190104425
181358827
220547266
169826988
191783309
238032419
199690738
187275114
169146400
198400906
166382517
187018412
200765394
174561445
197130920
221330502
168509786
253453809
167106241
201095962
173587772
150601518
175621562
256618216
163248742
159862136
182129686
237955980
201982370
238682712
162775306
167355178
212766960
182235304
210248172
184184693
157285172
187891624
175576488
185504576
209911502
218444653
198839638
205974027
157173067
172009952
186299127
205926012
200744579
208276217
193244415
291564917
178970975
176043809
190327529
182799880
201746787
179676934
191840369
208351595
180150099
186640188
191152899
166006794
170197562
193640156
211432819
209177656
209575744
164436876
153417258
160462499
184086855
171052793
221833642
204279198
175231340
180372222
148417075
183626873
183473295
243050863
176820732
209773666
219057895
193138635
229639095
165715302
188650438
191118328
222087149
174968205
212889260
232163705
177446299
176828964
187514350
212936122
216842128
195748883
171888524
201575625
189661477
173290857
187438290
193107400
168999866
190007414
213143238
172961720
170479660
178038893
198523433
209303264
206233282
167695255
199259491
193222746
208620356
207270432
201414162
209425033
205259385
199698887
176115158
191341700
204189610
246989518
177494905
163183490
157686720
175391025
181535866
251013714
204712827
158654301
171370140
173274530
194511254
203868167
224684222
224365599
208247463
174672714
159819128
186918393
204536534
197944676
175024033
194354019
201016743
190920664
212403864
205930312
199309568
180815858
183079104
206226105
197490204
215028216
182878990
185137445
189631126
186825563
221182884
192774808
209342623
186641416
154313479
184756620
189334125
218768884
216291218
197753216
221224993
207190956
172627925
165973828
198110034
209499690
188235438
205185342
176678926
221607116
202302426
161603239
180888135
194752746
158206999
228682315
166353344
196723483
219588840
250696267
180196353
178065225
171269574
181037605
228631479
206320963
201906524
182870105
152389732
235646553
205004532
201147832
196917283
175433998
171395928
209874619
200532981
176160277
181156111
187214646
204963494
222931388
193881117
195900421
217505812
212055659
217549254
222718022
190608872
200050500
165065781
182733750
255598383
215840049
186819453
171869753
188750414
205611920
172810570
180451048
159086028
154174226
167498072
154411095
168815417
285529919
227134083
210899445
162788051
176621414
195322575
195478330
183763693
165592482
184074531
214189200
190061082
204041769
184143924
184334888
188735541
207532511
168519829
209260753
182412622
149168728
168888585
231576689
190596327
172276876
172516724
218006672
206617280
181940957
175235435
197749533
206576852
189066919
180249230
181577776
217990357
217161863
213532548
176146524
176835189
212805827
196044455
164716853
184765746
167345535
184972552
178002904
191467984
161544892
170820420
239802258
211519763
161440844
157837806
202734221
172852086
197435493
201070070
207294614
150287703
161399095
160567875
144444427
139915159
213784479
223263445
232022162
178501775
226705508
193799998
172154336
198762697
209498519
180026191
239391240
175393974
189275219
216814029
220993878
232078652
158602200
231930956
216148059
198138219
206536555
219492718
163298210
212795667
179461379
233101303
219132821
219796058
229228218
195485258
182344404
157535597
211554887
199987287
217478845
192359813
220304981
165007572
167249440
210089157
222323456
210205561
196588752
171486894
252697652
192419310
179394704
175042498
222791658
157998484
190142856
169404842
208046623
162721969
172502345
197771675
208826056
159524104
199878793
200569848
194775585
240712828
175597892
209896879
182236606
225466228
213141555
231233121
215019073
221930160
203171121
165942372
200146174
191858838
194314480
159749350
194104828
168886412
174403115
213046726
159610775
211880630
207809143
166776583
181652342
158409835
172185995
168179440
187674827
156043886
210583149
199672302
219698314
192501764
225618417
204901024
218849062
218000557
157314086
170588129
194675570
200017575
188788661
186983002
222437495
185173538
157547821
171437747
215259652
188600555
193146545
175508710
210859753
166828165
159380618
179207551
214682661
193902517
193570539
253392028
206817773
191947493
194705159
166590597
194425083
170657863
228323470
190625416
205256311
233597945
193886253
209784332
186910268
189555601
185916944
215585384
208644135
211019445
204914585
220020279
232244641
189066029
161541460
229557707
163951526
230476229
190671706
220894930
168706973
228970099
167484010
178897694
146936534
215873978
199542248
213103678
176123740
205979864
195361692
216162077
217401934
172865711
218890981
182585813
160509793
171887825
215506706
194965626
209756277
198741851
219354208
169299914
196002789
155551616
205211888
248646192
201268023
189686850
205356216
177075447
208175107
200403772
229406096
248787846
201303879
215777700
219136755
287805302
226768829
179446020
158110912
159180204
162550353
216643666
165706074
177674727
164890352
168300665
197786361
193714816
192749667
189354353
213463070
215969515
222689859
172101858
216449499
209295175
188904508
156652882
148922875
171111396
185868595
217973654
217812282
196080893
159651146
213939383
193338820
220414581
166083435
212759306
245922312
240572809
231399703
193402027
209731013
169676932
152557223
211710970
212688851
179115434
177110650
198076131
219206439
265506079
190301372
198428354
196059330
233904157
197952961
213971094
222273775
231224128
239135131
173547118
239835390
191891797
199660406
212793676
153163160
197138131
188354692
207820509
182890848
190355030
197607666
179500910
194826049
190802822
138124126
184828882
199332418
211438711
200643458
209873414
187208107
176291741
251466853
204960638
183305556
215931837
170428278
179163299
198234692
183775062
218944937
174394807
186230527
161089715
203903959
243145448
221683694
215940382
186427072
155865633
161742366
144243544
190435588
226218154
216846517
195254359
188876611
257302498
229568003
192764982
200315964
178522461
167642380
182259397
191434392
191297943
197303743
190703257
203119724
233235940
212612439
206185487
205442801
202238603
181324659
248742098
220651977
230394633
218126411
185507420
233171940
213678620
181329658
194099292
172086510
186842933
200041008
205829832
228801531
246082491
203220328
206815100
188172943
184089517
197018292
201420563
221627902
189011819
226603114
164688407
262738933
187575137
179878503
163528694
176358897
158977635
182492630
168244032
196872297
193132714
197625700
216064303
246224662
158885256
213422040
197409316
187975955
205611480
200540281
160278045
202876530
195210035
181607874
210762346
165431837
205522839
194405038
243453981
223077576
204366253
199621600
192237096
168005991
187247074
219286724
197561497
212566339
184600450
176523136
211764962
188008709
222860540
218352740
193745684
180094214
187371921
198084033
202286472
193694088
195058604
162613429
203915042
213850412
170593434
197113439
170551970
233450723
172008625
204771569
171662148
176026819
226910315
218715392
214771090
214534389
250832624
190003713
180267561
